0.000	0
0.0042	1	1
1.7232	2	1	1	0
1.7232	1	2
1.809	2	2	1	0
1.809	1	3
1.9044	2	3	1	2
1.905	1	4
1.9956	2	4	1	2
1.9962	1	5
2.0964	2	5	1	0
2.097	1	6
2.2026	2	6	1	0
2.2032	1	7
2.4762	2	7	1	2
2.4762	1	8
2.5482	2	8	1	0
2.5482	1	9
3.858	2	9	2	1
3.8586	1	10
3.9594	2	10	2	1
3.9594	1	11
4.0602	2	11	2	1
4.0602	1	12
4.1562	2	12	2	1
4.1568	1	13
4.3722	2	13	2	1
4.3728	1	14
4.4838	2	14	2	1
4.4838	1	15
4.5738	2	15	2	1
4.5738	1	16
4.6788	2	16	2	1
4.6788	1	17
4.7814	2	17	2	1
4.782	1	18
4.8864	2	18	2	1
4.887	1	19
4.9914	2	19	2	1
4.992	1	20
5.1072	2	20	2	1
5.1072	1	21
5.2074	2	21	2	1
5.2074	1	22
5.3082	2	22	2	1
5.3082	1	23
5.4186	2	23	2	1
5.4186	1	24
5.5146	2	24	2	1
5.5152	1	25
5.6154	2	25	2	1
5.6154	1	26
5.7114	2	26	2	1
5.7114	1	27
5.8182	2	27	2	1
5.8188	1	28
5.9142	2	28	2	1
5.9142	1	29
6.0096	2	29	2	1
6.0096	1	30
6.12	2	30	2	1
6.12	1	31
6.2202	2	31	2	1
6.2208	1	32
6.3018	2	32	2	1
6.3018	1	33
6.4074	2	33	2	1
6.408	1	34
6.513	2	34	2	1
6.513	1	35
6.6054	2	35	2	1
6.6054	1	36
6.6978	2	36	2	1
6.6978	1	37
6.7866	2	37	2	1
6.7872	1	38
6.9738	2	38	2	1
6.9744	1	39
7.0794	2	39	2	1
7.0794	1	40
7.1754	2	40	2	1
7.1754	1	41
7.2666	2	41	2	1
7.2666	1	42
7.3674	2	42	2	1
7.3674	1	43
7.4682	2	43	2	1
7.4682	1	44
7.5648	2	44	2	1
7.5648	1	45
7.6794	2	45	2	1
7.68	1	46
7.782	2	46	2	1
7.7826	1	47
7.8912	2	47	2	1
7.8912	1	48
7.992	2	48	2	1
7.9926	1	49
8.097	2	49	2	1
8.0976	1	50
8.1978	2	50	2	1
8.1978	1	51
8.2986	2	51	2	1
8.2986	1	52
8.4234	2	52	2	1
8.4234	1	53
8.5296	2	53	2	1
8.5296	1	54
8.6256	2	54	2	1
8.6256	1	55
8.7318	2	55	2	1
8.7318	1	56
8.8362	2	56	2	1
8.8368	1	57
8.9376	2	57	2	1
8.9376	1	58
9.0528	2	58	2	1
9.0528	1	59
9.1536	2	59	2	1
9.1536	1	60
9.2586	2	60	2	1
9.2586	1	61
9.3744	2	61	2	1
9.3744	1	62
9.504	2	62	2	1
9.504	1	63
9.5904	2	63	2	1
9.5904	1	64
9.696	2	64	2	1
9.696	1	65
9.8016	2	65	2	1
9.8016	1	66
9.9114	2	66	2	1
9.9114	1	67
10.0266	2	67	2	1
10.0272	1	68
10.143	2	68	2	1
10.1436	1	69
10.2378	2	69	2	1
10.2384	1	70
10.368	2	70	2	1
10.368	1	71
10.4928	2	71	2	1
10.4934	1	72
10.5888	2	72	2	1
10.5888	1	73
10.704	2	73	2	1
10.704	1	74
10.8378	2	74	2	1
10.8384	1	75
10.9482	2	75	2	1
10.9482	1	76
11.0592	2	76	2	1
11.0592	1	77
11.1792	2	77	2	0
11.1792	1	78
11.2992	2	78	2	1
11.2992	1	79
11.424	2	79	2	1
11.424	1	80
11.5392	2	80	2	1
11.5398	1	81
11.649	2	81	2	1
11.6496	1	82
11.769	2	82	2	1
11.7696	1	83
11.8698	2	83	2	1
11.8704	1	84
11.9946	2	84	2	1
11.9952	1	85
12.1248	2	85	2	1
12.1248	1	86
12.2496	2	86	2	1
12.2496	1	87
12.3648	2	87	2	1
12.3648	1	88
12.4752	2	88	2	1
12.4758	1	89
12.585	2	89	2	1
12.5856	1	90
12.7242	2	90	2	1
12.7242	1	91
12.8442	2	91	2	1
12.8442	1	92
12.966	2	92	2	1
12.9666	1	93
13.0956	2	93	2	1
13.0962	1	94
13.1928	2	94	2	1
13.1928	1	95
13.3056	2	95	2	1
13.3056	1	96
13.4202	2	96	2	1
13.4208	1	97
13.557	2	97	2	1
13.557	1	98
13.6758	2	98	2	1
13.6758	1	99
13.7898	2	99	2	1
13.7904	1	100
13.9056	2	100	2	1
13.9062	1	101
14.0256	2	101	2	1
14.0262	1	102
14.2704	2	102	2	0
14.2704	1	103
14.3712	2	103	2	1
14.3712	1	104
14.457	2	104	2	1
14.4576	1	105
14.6634	2	105	2	1
14.664	1	106
14.7696	2	106	2	1
14.7696	1	107
14.8896	2	107	2	1
14.8902	1	108
15.0048	2	108	2	1
15.0054	1	109
15.1296	2	109	2	1
15.1296	1	110
15.2352	2	110	2	1
15.2358	1	111
15.3792	2	111	2	1
15.3792	1	112
15.504	2	112	2	1
15.504	1	113
15.6288	2	113	2	1
15.6288	1	114
15.7584	2	114	2	1
15.7584	1	115
15.8898	2	115	2	1
15.8904	1	116
16.0176	2	116	2	1
16.0176	1	117
16.128	2	117	2	1
16.128	1	118
16.2528	2	118	2	1
16.2528	1	119
16.3776	2	119	2	1
16.3776	1	120
16.512	2	120	2	1
16.512	1	121
16.6374	2	121	2	1
16.6374	1	122
16.7622	2	122	2	1
16.7622	1	123
16.8756	2	123	2	1
16.8756	1	124
16.9872	2	124	2	1
16.9872	1	125
17.088	2	125	2	1
17.0886	1	126
17.1978	2	126	2	1
17.1978	1	127
17.3136	2	127	2	0
17.3136	1	128
17.4282	2	128	2	1
17.4288	1	129
17.5392	2	129	2	1
17.5398	1	130
17.6544	2	130	2	1
17.6544	1	131
17.7648	2	131	2	1
17.7648	1	132
17.8656	2	132	2	1
17.8656	1	133
17.9616	2	133	2	1
17.9616	1	134
18.1536	2	134	2	1
18.1542	1	135
18.2538	2	135	2	1
18.2544	1	136
18.3552	2	136	2	1
18.3552	1	137
18.4656	2	137	2	1
18.4662	1	138
18.5622	2	138	2	1
18.5622	1	139
18.672	2	139	2	1
18.672	1	140
18.7824	2	140	2	1
18.7824	1	141
18.903	2	141	2	1
18.9036	1	142
19.0176	2	142	2	1
19.0182	1	143
19.1472	2	143	2	1
19.1472	1	144
19.2672	2	144	2	1
19.2672	1	145
19.383	2	145	2	1
19.383	1	146
19.4982	2	146	2	1
19.4982	1	147
19.6176	2	147	2	1
19.6182	1	148
19.7424	2	148	2	1
19.7424	1	149
19.8534	2	149	2	1
19.8534	1	150
19.9824	2	150	2	1
19.9824	1	151
20.1078	2	151	2	1
20.1078	1	152
20.2278	2	152	2	0
20.2278	1	153
20.3664	2	153	2	0
20.367	1	154
20.472	2	154	2	1
20.4726	1	155
20.5872	2	155	2	1
20.5872	1	156
20.6976	2	156	2	1
20.6982	1	157
20.8128	2	157	2	1
20.8128	1	158
20.9334	2	158	2	1
20.9334	1	159
21.0576	2	159	2	1
21.0576	1	160
21.1734	2	160	2	1
21.1734	1	161
21.2946	2	161	2	1
21.2946	1	162
21.3984	2	162	2	1
21.399	1	163
21.5184	2	163	2	1
21.519	1	164
21.6342	2	164	2	1
21.6342	1	165
21.7386	2	165	2	1
21.7392	1	166
21.8634	2	166	2	1
21.864	1	167
21.9792	2	167	2	1
21.9792	1	168
22.1094	2	168	2	1
22.1094	1	169
22.2342	2	169	2	1
22.2342	1	170
22.3536	2	170	2	1
22.3542	1	171
22.4694	2	171	2	1
22.47	1	172
22.5888	2	172	2	1
22.5894	1	173
22.6992	2	173	2	1
22.6998	1	174
22.8096	2	174	2	1
22.8096	1	175
22.9302	2	175	2	1
22.9302	1	176
23.0502	2	176	2	1
23.0502	1	177
23.1744	2	177	2	0
23.1744	1	178
23.2896	2	178	2	0
23.2896	1	179
23.4096	2	179	2	1
23.4096	1	180
23.5104	2	180	2	1
23.511	1	181
23.64	2	181	2	1
23.6406	1	182
23.7552	2	182	2	1
23.7552	1	183
23.8764	2	183	2	1
23.8764	1	184
23.988	2	184	2	1
23.988	1	185
24.096	2	185	2	1
24.096	1	186
24.2208	2	186	2	1
24.2214	1	187
24.3348	2	187	2	0
