0.000	0
0.0036	1	1
0.4242	2	1	2	0
0.4248	1	2
0.5154	2	2	2	0
0.5154	1	3
0.6078	2	3	2	1
0.6078	1	4
0.693	2	4	2	1
0.693	1	5
0.7794	2	5	2	1
0.7794	1	6
0.8748	2	6	2	1
0.8754	1	7
0.9762	2	7	2	1
0.9762	1	8
1.0776	2	8	2	1
1.0776	1	9
1.1826	2	9	2	1
1.1826	1	10
1.2972	2	10	2	1
1.2978	1	11
1.389	2	11	2	1
1.389	1	12
1.6098	2	12	2	1
1.6098	1	13
1.7058	2	13	2	1
1.7058	1	14
1.8114	2	14	2	1
1.8114	1	15
1.9266	2	15	2	1
1.9266	1	16
2.0328	2	16	2	1
2.0328	1	17
2.2482	2	17	2	1
2.2482	1	18
2.3778	2	18	2	1
2.3784	1	19
2.4834	2	19	2	1
2.4834	1	20
2.598	2	20	2	1
2.5986	1	21
2.7198	2	21	2	1
2.7204	1	22
2.8158	2	22	2	1
2.8164	1	23
2.9106	2	23	2	1
2.9112	1	24
3.0306	2	24	2	1
3.0306	1	25
3.1362	2	25	2	1
3.1362	1	26
3.2418	2	26	2	1
3.2424	1	27
3.4824	2	27	2	1
3.4824	1	28
3.5826	2	28	2	1
3.5826	1	29
3.7032	2	29	2	1
3.7032	1	30
3.8082	2	30	2	1
3.8082	1	31
3.9252	2	31	2	1
3.9252	1	32
4.029	2	32	2	1
4.029	1	33
4.1394	2	33	2	1
4.1394	1	34
4.2456	2	34	2	1
4.2456	1	35
4.5042	2	35	2	1
4.5042	1	36
4.6032	2	36	2	1
4.6032	1	37
4.7016	2	37	2	1
4.7016	1	38
4.8066	2	38	2	1
4.8066	1	39
4.9074	2	39	2	1
4.9074	1	40
5.0178	2	40	2	1
5.0184	1	41
5.133	2	41	2	1
5.1336	1	42
5.2386	2	42	2	1
5.2392	1	43
5.3394	2	43	2	1
5.3394	1	44
5.4354	2	44	2	1
5.4354	1	45
5.5266	2	45	2	1
5.5272	1	46
5.628	2	46	2	1
5.628	1	47
5.7192	2	47	2	1
5.7192	1	48
5.82	2	48	2	1
5.82	1	49
5.9106	2	49	2	1
5.9112	1	50
6.0066	2	50	2	1
6.0066	1	51
6.1074	2	51	2	1
6.1074	1	52
30.2082	2	52	2	1
30.2088	1	53
30.4008	2	53	2	1
30.4008	1	54
30.5688	2	54	2	1
30.5688	1	55
30.684	2	55	2	1
30.684	1	56
30.7752	2	56	2	1
30.7752	1	57
30.8664	2	57	2	1
30.8664	1	58
30.9666	2	58	2	1
30.9666	1	59
31.0578	2	59	2	1
31.0578	1	60
31.1586	2	60	2	1
31.1586	1	61
31.3752	2	61	2	1
31.3752	1	62
31.4622	2	62	2	1
31.4622	1	63
31.5576	2	63	2	1
31.5576	1	64
31.6482	2	64	2	1
31.6488	1	65
31.7544	2	65	2	1
31.7544	1	66
31.8498	2	66	2	1
31.8504	1	67
31.9554	2	67	2	1
31.956	1	68
32.061	2	68	2	1
32.0616	1	69
32.2296	2	69	2	1
32.2296	1	70
32.3256	2	70	2	1
32.3256	1	71
32.4264	2	71	2	1
32.4264	1	72
32.5272	2	72	2	1
32.5272	1	73
32.637	2	73	2	1
32.6376	1	74
32.7522	2	74	2	1
32.7528	1	75
32.868	2	75	2	1
32.868	1	76
32.9874	2	76	2	1
32.9874	1	77
33.093	2	77	2	0
33.093	1	78
33.2184	2	78	2	1
33.2184	1	79
33.3426	2	79	2	1
33.3432	1	80
33.4728	2	80	2	1
33.4728	1	81
33.5832	2	81	2	1
33.5832	1	82
33.6978	2	82	2	1
33.6978	1	83
33.8178	2	83	2	1
33.8178	1	84
33.9474	2	84	2	1
33.9474	1	85
34.0728	2	85	2	1
34.0728	1	86
34.2168	2	86	2	1
34.2174	1	87
34.3422	2	87	2	1
34.3422	1	88
34.4664	2	88	2	1
34.4664	1	89
34.5768	2	89	2	1
34.5774	1	90
34.6818	2	90	2	1
34.6818	1	91
34.7778	2	91	2	1
34.7778	1	92
34.8834	2	92	2	1
34.884	1	93
34.9944	2	93	2	1
34.9944	1	94
35.1096	2	94	2	1
35.1096	1	95
35.2248	2	95	2	1
35.2248	1	96
35.3394	2	96	2	1
35.34	1	97
35.4564	2	97	2	1
35.457	1	98
35.5704	2	98	2	1
35.5704	1	99
35.6754	2	99	2	1
35.6754	1	100
35.781	2	100	2	1
35.781	1	101
35.8968	2	101	2	1
35.8974	1	102
36.0126	2	102	2	0
36.0126	1	103
36.132	2	103	2	1
36.1326	1	104
36.2466	2	104	2	1
36.2472	1	105
36.3624	2	105	2	1
36.3624	1	106
36.4734	2	106	2	1
36.4734	1	107
36.5874	2	107	2	1
36.588	1	108
36.723	2	108	2	1
36.723	1	109
36.8376	2	109	2	1
36.8376	1	110
36.9768	2	110	2	1
36.9768	1	111
37.092	2	111	2	1
37.092	1	112
37.218	2	112	2	1
37.218	1	113
37.3224	2	113	2	1
37.3224	1	114
37.4376	2	114	2	1
37.4382	1	115
37.557	2	115	2	1
37.5576	1	116
37.6686	2	116	2	1
37.6686	1	117
37.7832	2	117	2	1
37.7838	1	118
37.8882	2	118	2	1
37.8888	1	119
38.004	2	119	2	1
38.004	1	120
38.1384	2	120	2	1
38.1384	1	121
38.2338	2	121	2	1
38.2344	1	122
38.3448	2	122	2	1
38.3454	1	123
38.4624	2	123	2	1
38.4624	1	124
38.5848	2	124	2	1
38.5848	1	125
38.7048	2	125	2	1
38.7048	1	126
38.8254	2	126	2	1
38.8254	1	127
39.1554	2	127	2	0
39.156	1	128
39.261	2	128	2	1
39.2616	1	129
39.3714	2	129	2	1
39.3714	1	130
39.4782	2	130	2	1
39.4782	1	131
39.5928	2	131	2	1
39.5928	1	132
39.7032	2	132	2	1
39.7032	1	133
39.8184	2	133	2	1
39.8184	1	134
39.9432	2	134	2	1
39.9432	1	135
40.0632	2	135	2	1
40.0632	1	136
40.197	2	136	2	1
40.1976	1	137
40.3128	2	137	2	1
40.3134	1	138
40.4376	2	138	2	1
40.4376	1	139
40.5672	2	139	2	1
40.5678	1	140
40.6872	2	140	2	1
40.6872	1	141
40.8072	2	141	2	1
40.8078	1	142
40.9272	2	142	2	1
40.9272	1	143
41.052	2	143	2	1
41.0526	1	144
41.1762	2	144	2	1
41.1762	1	145
41.3016	2	145	2	1
41.3022	1	146
41.412	2	146	2	1
41.4126	1	147
41.5272	2	147	2	1
41.5272	1	148
41.652	2	148	2	1
41.652	1	149
41.7774	2	149	2	1
41.7774	1	150
41.8968	2	150	2	1
41.8974	1	151
42.0234	2	151	2	1
42.024	1	152
42.1416	2	152	2	0
42.1416	1	153
42.276	2	153	2	0
42.2766	1	154
42.396	2	154	2	1
42.3966	1	155
42.5352	2	155	2	1
42.5358	1	156
42.6456	2	156	2	1
42.6462	1	157
42.7518	2	157	2	1
42.7518	1	158
42.8658	2	158	2	1
42.8664	1	159
42.9864	2	159	2	1
42.9864	1	160
43.1124	2	160	2	1
43.113	1	161
43.2324	2	161	2	1
43.233	1	162
43.3566	2	162	2	1
43.3566	1	163
43.4856	2	163	2	1
43.4856	1	164
43.6056	2	164	2	1
43.6056	1	165
43.7256	2	165	2	1
43.7262	1	166
43.8462	2	166	2	1
43.8462	1	167
43.9614	2	167	2	1
43.9614	1	168
44.0766	2	168	2	1
44.0766	1	169
44.2008	2	169	2	1
44.2008	1	170
44.3112	2	170	2	1
44.3112	1	171
44.8398	2	171	2	1
44.8398	1	172
44.9598	2	172	2	1
44.9598	1	173
45.0888	2	173	2	1
45.0888	1	174
46.0302	2	174	2	1
46.0308	1	175
46.131	2	175	2	1
46.131	1	176
46.2408	2	176	2	1
46.2408	1	177
46.4136	2	177	2	0
46.4136	1	178
46.524	2	178	2	0
46.524	1	179
46.6392	2	179	2	1
46.6392	1	180
46.7502	2	180	2	1
46.7502	1	181
46.851	2	181	2	1
46.8516	1	182
46.9422	2	182	2	1
46.9422	1	183
48.1608	2	183	2	1
48.1608	1	184
48.2712	2	184	2	1
48.2718	1	185
48.4632	2	185	1	2
48.4632	1	186
48.5646	2	186	1	2
48.5646	1	187
48.6636	2	187	1	0
