0.000     0
0.0048     1     1
0.6468     2     1     1     0
0.648     1     2
0.738     2     2     1     0
0.7386     1     3
0.8238     2     3     1     2
0.8244     1     4
0.9186     2     4     1     2
0.9192     1     5
1.1364     2     5     1     0
1.137     1     6
1.2252     2     6     1     0
1.2252     1     7
1.4004     2     7     1     2
1.401     1     8
1.545     2     8     1     0
1.5456     1     9
1.7406     2     9     1     0
1.7412     1     10
1.8276     2     10     1     2
1.8282     1     11
1.9782     2     11     1     0
1.9788     1     12
2.0502     2     12     1     2
2.0508     1     13
2.1306     2     13     1     0
2.1312     1     14
2.214     2     14     1     0
2.2146     1     15
2.3196     2     15     1     0
2.3202     1     16
2.52     2     16     1     0
2.5206     1     17
2.6214     2     17     1     2
2.622     1     18
2.7084     2     18     1     2
2.709     1     19
2.7852     2     19     1     0
2.7858     1     20
2.8692     2     20     1     2
2.8698     1     21
2.955     2     21     1     0
2.9556     1     22
3.099     2     22     1     0
3.0996     1     23
3.1782     2     23     1     0
3.1788     1     24
3.2958     2     24     1     0
3.2964     1     25
3.3708     2     25     1     0
3.3714     1     26
3.423     2     26     1     0
3.4236     1     27
3.4902     2     27     1     0
3.4902     1     28
3.5772     2     28     1     0
3.5778     1     29
3.9276     2     29     1     0
3.9282     1     30
4.0236     2     30     1     2
4.0242     1     31
4.1148     2     31     1     0
4.1154     1     32
4.2012     2     32     1     0
4.2018     1     33
4.2966     2     33     1     2
4.2972     1     34
4.383     2     34     1     0
4.3836     1     35
4.6038     2     35     1     0
4.6044     1     36
4.695     2     36     1     2
4.6956     1     37
4.8156     2     37     1     2
4.8162     1     38
4.9356     2     38     1     2
4.9356     1     39
5.0406     2     39     1     2
5.0412     1     40
5.2812     2     40     1     2
5.2818     1     41
5.4054     2     41     1     0
5.406     1     42
5.6886     2     42     1     2
5.6892     1     43
5.79     2     43     1     2
5.7906     1     44
5.886     2     44     1     0
5.8866     1     45
5.9868     2     45     1     0
5.9874     1     46
6.0828     2     46     1     2
6.0834     1     47
6.1686     2     47     1     2
6.1692     1     48
6.2598     2     48     1     2
6.2604     1     49
6.3624     2     49     1     2
6.363     1     50
6.4482     2     50     1     2
6.4488     1     51
6.5436     2     51     1     0
6.5442     1     52
6.6618     2     52     1     0
6.6624     1     53
6.7638     2     53     1     0
6.7644     1     54
6.8604     2     54     1     0
6.861     1     55
7.5756     2     55     2     1
7.5762     1     56
7.6716     2     56     2     1
7.6722     1     57
7.782     2     57     2     1
7.7826     1     58
7.9026     2     58     2     1
7.9032     1     59
8.0742     2     59     2     1
8.0748     1     60
8.2902     2     60     2     1
8.2908     1     61
8.3826     2     61     2     1
8.3826     1     62
8.4738     2     62     2     1
8.4744     1     63
8.574     2     63     2     1
8.5746     1     64
8.6706     2     64     2     1
8.6712     1     65
8.781     2     65     2     1
8.7816     1     66
8.9814     2     66     2     1
8.982     1     67
9.0942     2     67     2     1
9.0948     1     68
9.1884     2     68     2     1
9.189     1     69
9.318     2     69     2     1
9.3186     1     70
9.4188     2     70     2     1
9.42     1     71
9.534     2     71     2     1
9.5346     1     72
9.6534     2     72     2     1
9.654     1     73
9.7644     2     73     2     1
9.765     1     74
9.8742     2     74     2     1
9.8748     1     75
10.0002     2     75     2     1
10.0002     1     76
10.1004     2     76     2     1
10.101     1     77
10.197     2     77     2     0
10.1976     1     78
10.2894     2     78     2     1
10.29     1     79
10.3836     2     79     2     1
10.3842     1     80
10.6092     2     80     2     1
10.6098     1     81
10.701     2     81     2     1
10.7016     1     82
10.8936     2     82     2     1
10.8948     1     83
11.2866     2     83     3     0
11.2872     1     84
11.3826     2     84     3     2
11.3832     1     85
11.4888     2     85     3     2
11.4894     1     86
11.6076     2     86     3     2
11.6082     1     87
11.7084     2     87     3     2
11.709     1     88
11.8164     2     88     3     0
11.817     1     89
11.9094     2     89     3     2
11.9106     1     90
12.0162     2     90     3     2
12.0168     1     91
12.1362     2     91     3     0
12.1368     1     92
12.2514     2     92     3     2
12.252     1     93
12.3678     2     93     3     2
12.3684     1     94
12.7014     2     94     3     0
12.702     1     95
12.8178     2     95     3     2
12.819     1     96
12.9282     2     96     3     2
12.9288     1     97
13.044     2     97     3     2
13.044     1     98
13.1676     2     98     3     0
13.1682     1     99
13.2738     2     99     3     0
13.2744     1     100
13.3746     2     100     3     2
13.3752     1     101
13.4808     2     101     3     0
13.4814     1     102
13.6056     2     102     3     1
13.6062     1     103
13.7148     2     103     3     0
13.7148     1     104
13.8348     2     104     3     0
13.8354     1     105
13.9434     2     105     3     0
13.944     1     106
14.0466     2     106     3     2
14.0472     1     107
14.1666     2     107     3     2
14.1672     1     108
14.2716     2     108     3     2
14.2722     1     109
14.3736     2     109     3     0
14.3742     1     110
14.6184     2     110     2     1
14.619     1     111
14.727     2     111     2     1
14.7276     1     112
14.841     2     112     2     1
14.8416     1     113
14.9592     2     113     2     1
14.9604     1     114
15.069     2     114     2     1
15.0696     1     115
15.1836     2     115     2     1
15.1842     1     116
15.2892     2     116     2     1
15.2904     1     117
15.4104     2     117     2     1
15.411     1     118
15.5208     2     118     2     1
15.5214     1     119
15.6798     2     119     2     1
15.6804     1     120
16.131     2     120     1     0
16.1316     1     121
16.2588     2     121     1     0
16.2594     1     122
16.38     2     122     1     0
16.3806     1     123
16.5456     2     123     1     0
16.5462     1     124
16.6392     2     124     1     2
16.6398     1     125
16.7694     2     125     1     0
16.77     1     126
16.8978     2     126     1     2
16.8984     1     127
17.0184     2     127     1     0
17.019     1     128
17.1402     2     128     1     0
17.1408     1     129
17.2494     2     129     1     0
17.2506     1     130
17.3736     2     130     1     2
17.3742     1     131
17.4948     2     131     1     2
17.4954     1     132
17.613     2     132     1     2
17.6136     1     133
17.7192     2     133     1     2
17.7198     1     134
17.8242     2     134     1     2
17.8248     1     135
17.94     2     135     1     2
17.9406     1     136
18.0594     2     136     1     2
18.06     1     137
18.1752     2     137     1     2
18.1758     1     138
18.3048     2     138     1     2
18.3054     1     139
18.4338     2     139     1     0
18.4344     1     140
18.5712     2     140     1     2
18.5718     1     141
18.7038     2     141     1     0
18.7044     1     142
18.8286     2     142     1     2
18.8298     1     143
19.1646     2     143     2     1
19.1652     1     144
19.2894     2     144     2     1
19.29     1     145
19.4088     2     145     2     1
19.4094     1     146
19.5096     2     146     2     1
19.5102     1     147
19.6152     2     147     2     1
19.6158     1     148
19.7442     2     148     2     1
19.7448     1     149
19.8696     2     149     2     1
19.8702     1     150
19.9836     2     150     2     1
19.9842     1     151
20.082     2     151     2     1
20.0826     1     152
20.2062     2     152     2     0
20.2068     1     153
20.3112     2     153     2     0
20.3118     1     154
20.4402     2     154     2     1
20.4408     1     155
20.5518     2     155     2     1
20.5524     1     156
20.6676     2     156     2     1
20.6682     1     157
21.1182     2     157     3     2
21.1188     1     158
21.219     2     158     3     2
21.2196     1     159
21.321     2     159     3     2
21.3216     1     160
21.4344     2     160     3     0
21.435     1     161
21.5358     2     161     3     2
21.5358     1     162
21.7746     2     162     3     2
21.7752     1     163
21.8724     2     163     3     0
21.873     1     164
21.981     2     164     3     0
21.9822     1     165
22.1022     2     165     3     2
22.1028     1     166
22.452     2     166     2     1
22.4526     1     167
22.5624     2     167     2     1
22.563     1     168
22.6584     2     168     2     1
22.659     1     169
22.779     2     169     2     1
22.7796     1     170
22.8846     2     170     2     1
22.8852     1     171
22.9992     2     171     2     1
22.9998     1     172
23.124     2     172     2     1
23.1246     1     173
23.2488     2     173     2     1
23.2494     1     174
23.376     2     174     2     1
23.3766     1     175
23.49     2     175     2     1
23.4906     1     176
23.6142     2     176     2     1
23.6148     1     177
23.7534     2     177     2     0
23.754     1     178
23.8494     2     178     2     0
23.85     1     179
23.9796     2     179     2     1
23.9802     1     180
24.105     2     180     2     1
24.1056     1     181
24.225     2     181     2     1
24.2256     1     182
24.3588     2     182     2     1
24.3594     1     183
24.459     2     183     2     1
24.4596     1     184
24.5814     2     184     2     1
24.582     1     185
24.6906     2     185     2     1
24.6912     1     186
25.0464     2     186     2     1
25.047     1     187
25.5162     2     187     1     0
