0.000     0
0     1     1
0.7404     2     1     1     0
0.75     1     2
0.909     2     2     1     0
0.909     1     3
1.3122     2     3     1     2
1.3122     1     4
1.6032     2     4     2     1
1.6122     1     5
1.7064     2     5     2     1
1.7064     1     6
1.884     2     6     2     1
1.884     1     7
1.9782     2     7     2     1
1.9872     1     8
2.175     2     8     2     1
2.175     1     9
2.2686     2     9     2     1
2.2686     1     10
2.3718     2     10     2     1
2.3718     1     11
2.5596     2     11     2     1
2.5596     1     12
2.6532     2     12     2     1
2.6532     1     13
2.7564     2     13     2     1
2.7564     1     14
2.85     2     14     2     1
2.85     1     15
2.9436     2     15     2     1
2.9532     1     16
3.0564     2     16     2     1
3.0564     1     17
3.1596     2     17     2     1
3.1686     1     18
3.2622     2     18     2     1
3.2622     1     19
3.3654     2     19     2     1
3.375     1     20
3.4686     2     20     2     1
3.4686     1     21
3.5718     2     21     2     1
3.5718     1     22
3.675     2     22     2     1
3.675     1     23
3.7872     2     23     2     1
3.7872     1     24
3.9096     2     24     2     1
3.9096     1     25
4.0218     2     25     2     1
4.0218     1     26
4.1346     2     26     2     1
4.1346     1     27
4.2564     2     27     2     1
4.2564     1     28
4.3596     2     28     2     1
4.3596     1     29
4.4814     2     29     2     1
4.4814     1     30
4.6032     2     30     2     1
4.6032     1     31
4.9032     2     31     1     0
4.9032     1     32
5.0154     2     32     1     0
5.0154     1     33
5.1378     2     33     1     2
5.1378     1     34
5.25     2     34     1     0
5.25     1     35
5.3628     2     35     1     0
5.3628     1     36
5.4846     2     36     1     2
5.4846     1     37
5.6016     2     37     1     2
5.6016     1     38
5.7234     2     38     1     2
5.7234     1     39
5.8362     2     39     1     2
5.8362     1     40
5.958     2     40     1     2
5.9676     1     41
6.0798     2     41     1     0
6.0798     1     42
6.2112     2     42     1     2
6.2112     1     43
6.3234     2     43     1     2
6.3234     1     44
6.4266     2     44     1     0
6.4266     1     45
6.5394     2     45     1     0
6.5394     1     46
6.6612     2     46     1     2
6.6612     1     47
6.774     2     47     1     2
6.774     1     48
6.8958     2     48     1     2
6.8958     1     49
7.0266     2     49     1     2
7.0266     1     50
7.1394     2     50     1     2
7.1394     1     51
7.2612     2     51     1     0
7.2612     1     52
7.374     2     52     1     0
7.374     1     53
7.4862     2     53     1     0
7.4862     1     54
7.6176     2     54     1     0
7.6176     1     55
7.7394     2     55     1     2
7.7394     1     56
7.8612     2     56     1     2
7.8612     1     57
8.0016     2     57     1     0
8.0016     1     58
8.0958     2     58     1     2
8.0958     1     59
8.3394     2     59     1     0
8.3394     1     60
8.4426     2     60     1     0
8.4426     1     61
8.5644     2     61     1     0
8.5644     1     62
8.6676     2     62     1     0
8.6676     1     63
8.799     2     63     1     0
8.799     1     64
8.9112     2     64     1     0
8.9112     1     65
9.0234     2     65     1     2
9.0234     1     66
9.1266     2     66     1     0
9.1266     1     67
9.2298     2     67     1     0
9.2298     1     68
9.342     2     68     1     0
9.342     1     69
9.7362     2     69     3     0
9.7452     1     70
9.8388     2     70     3     0
9.8388     1     71
9.9516     2     71     3     0
9.9516     1     72
10.0548     2     72     3     0
10.0548     1     73
10.1952     2     73     3     0
10.1952     1     74
10.2888     2     74     3     0
10.2888     1     75
10.4112     2     75     3     2
10.4112     1     76
10.5234     2     76     3     2
10.5234     1     77
10.6266     2     77     3     1
10.6266     1     78
10.7484     2     78     3     0
10.7484     1     79
10.983     2     79     3     2
10.983     1     80
11.0862     2     80     3     2
11.0862     1     81
11.1894     2     81     3     2
11.1894     1     82
11.3016     2     82     3     2
11.3016     1     83
11.4234     2     83     3     0
11.4234     1     84
11.5362     2     84     3     2
11.5362     1     85
11.667     2     85     3     2
11.667     1     86
11.7702     2     86     3     2
11.7798     1     87
11.892     2     87     3     2
11.892     1     88
12.0018     2     88     3     0
12.0018     1     89
12.105     2     89     3     2
12.105     1     90
12.2178     2     90     3     2
12.2178     1     91
12.33     2     91     3     0
12.33     1     92
12.4428     2     92     3     2
12.4428     1     93
12.5736     2     93     3     2
12.5736     1     94
12.6678     2     94     3     0
12.6678     1     95
12.7896     2     95     3     2
12.7896     1     96
12.921     2     96     3     2
12.921     1     97
13.0332     2     97     3     2
13.0428     1     98
13.155     2     98     3     0
13.155     1     99
13.5114     2     99     3     0
13.5114     1     100
13.605     2     100     3     2
13.6146     1     101
13.7082     2     101     3     0
13.7082     1     102
13.8234     2     102     3     1
13.8234     1     103
13.9362     2     103     3     0
13.9362     1     104
14.058     2     104     3     0
14.058     1     105
14.1708     2     105     3     0
14.1708     1     106
14.3016     2     106     3     2
14.3016     1     107
14.4144     2     107     3     2
14.4144     1     108
14.5176     2     108     3     2
14.5176     1     109
14.646     2     109     3     0
14.646     1     110
14.7504     2     110     3     0
14.7504     1     111
14.8536     2     111     3     0
14.8536     1     112
14.9568     2     112     3     0
14.9568     1     113
15.0786     2     113     3     0
15.0786     1     114
15.1908     2     114     3     0
15.1908     1     115
15.3036     2     115     3     0
15.3036     1     116
15.4068     2     116     3     0
15.4068     1     117
15.6972     2     117     1     2
15.6972     1     118
15.8004     2     118     1     2
15.8004     1     119
15.9126     2     119     1     2
15.9126     1     120
16.0158     2     120     1     0
16.0158     1     121
16.1286     2     121     1     0
16.1286     1     122
16.2504     2     122     1     0
16.2504     1     123
16.3536     2     123     1     0
16.3536     1     124
16.4658     2     124     1     2
16.4754     1     125
16.5786     2     125     1     0
16.5786     1     126
16.6722     2     126     1     2
16.6818     1     127
16.7754     2     127     1     0
16.7754     1     128
16.8876     2     128     1     0
16.8876     1     129
16.9818     2     129     1     0
16.9818     1     130
17.088     2     130     1     2
17.088     1     131
17.1816     2     131     1     2
17.1906     1     132
17.2848     2     132     1     2
17.2848     1     133
17.388     2     133     1     2
17.388     1     134
17.4816     2     134     1     2
17.4816     1     135
17.5752     2     135     1     2
17.5848     1     136
17.6784     2     136     1     2
17.6784     1     137
17.772     2     137     1     2
17.772     1     138
18.0252     2     138     2     1
18.0252     1     139
18.1284     2     139     2     1
18.1284     1     140
18.4188     2     140     3     0
18.4188     1     141
18.522     2     141     3     2
18.522     1     142
18.6252     2     142     3     0
18.6252     1     143
18.7284     2     143     3     0
18.7284     1     144
18.9348     2     144     2     1
18.9348     1     145
19.0284     2     145     2     1
19.0284     1     146
19.122     2     146     2     1
19.122     1     147
19.4784     2     147     1     0
19.4784     1     148
19.572     2     148     1     2
19.572     1     149
19.6848     2     149     1     2
19.6848     1     150
19.788     2     150     1     0
19.788     1     151
19.8912     2     151     1     0
19.8912     1     152
20.1066     2     152     2     0
20.1066     1     153
20.2194     2     153     2     0
20.2194     1     154
20.322     2     154     2     1
20.322     1     155
20.4444     2     155     2     1
20.4444     1     156
20.6316     2     156     3     0
20.6316     1     157
20.7348     2     157     3     2
20.7348     1     158
20.838     2     158     3     2
20.838     1     159
20.9502     2     159     3     2
20.9502     1     160
21.0534     2     160     3     0
21.0534     1     161
21.1566     2     161     3     2
21.1566     1     162
21.2694     2     162     3     2
21.2694     1     163
21.372     2     163     3     0
21.372     1     164
21.4752     2     164     3     0
21.4752     1     165
21.7566     2     165     2     1
21.7566     1     166
21.8598     2     166     2     1
21.8598     1     167
21.963     2     167     2     1
21.963     1     168
22.0566     2     168     2     1
22.0566     1     169
22.413     2     169     1     2
22.413     1     170
22.5162     2     170     1     0
22.5162     1     171
22.6284     2     171     1     2
22.6284     1     172
22.7316     2     172     1     0
22.7316     1     173
22.8444     2     173     1     2
22.8444     1     174
22.9566     2     174     1     2
22.9566     1     175
23.0694     2     175     1     0
23.0784     1     176
23.1912     2     176     1     2
23.1912     1     177
23.3034     2     177     1     1
23.3034     1     178
23.4162     2     178     1     1
23.4162     1     179
23.5284     2     179     1     2
23.5284     1     180
23.658     2     180     2     1
23.658     1     181
23.7612     2     181     2     1
23.7612     1     182
23.883     2     182     2     1
23.883     1     183
24.1266     2     183     3     0
24.1266     1     184
24.2394     2     184     3     0
24.2394     1     185
24.3426     2     185     3     0
24.3426     1     186
24.4452     2     186     3     0
24.4452     1     187
24.558     2     187     3     0
