0.000     0
0.009     1     1
0.5532     2     1     2     0
0.5532     1     2
0.6486     2     2     2     0
0.6486     1     3
0.7422     2     3     2     1
0.7422     1     4
0.8364     2     4     2     1
0.8364     1     5
0.9336     2     5     2     1
0.9336     1     6
1.0176     2     6     2     1
1.0176     1     7
1.1148     2     7     2     1
1.1148     1     8
1.2084     2     8     2     1
1.2084     1     9
1.377     2     9     2     1
1.377     1     10
1.3962     2     10     2     1
1.3962     1     11
1.509     2     11     2     1
1.509     1     12
1.6686     2     12     1     2
1.6686     1     13
1.7634     2     13     1     0
1.773     1     14
1.8576     2     14     1     0
1.8576     1     15
1.9512     2     15     1     0
1.9512     1     16
2.3538     2     16     3     2
2.3538     1     17
2.4564     2     17     3     0
2.4564     1     18
2.5596     2     18     3     0
2.5596     1     19
2.6538     2     19     3     2
2.6538     1     20
2.751     2     20     3     0
2.751     1     21
2.901     2     21     3     2
2.91     1     22
3.135     2     22     2     1
3.135     1     23
3.2292     2     23     2     1
3.2292     1     24
3.3192     2     24     2     1
3.3192     1     25
3.432     2     25     2     1
3.432     1     26
3.516     2     26     2     1
3.516     1     27
3.6156     2     27     2     1
3.6156     1     28
3.9852     2     28     3     0
3.9852     1     29
4.0698     2     29     3     2
4.0698     1     30
4.1634     2     30     3     0
4.173     1     31
4.2576     2     31     3     2
4.2576     1     32
4.3602     2     32     3     2
4.3602     1     33
4.4544     2     33     3     0
4.4544     1     34
4.5498     2     34     3     2
4.5498     1     35
4.662     2     35     3     2
4.662     1     36
4.7466     2     36     3     0
4.7466     1     37
4.8498     2     37     3     0
4.8498     1     38
5.1102     2     38     1     2
5.1102     1     39
5.1948     2     39     1     2
5.1948     1     40
5.2974     2     40     1     2
5.2974     1     41
5.3916     2     41     1     0
5.3916     1     42
5.4852     2     42     1     2
5.4852     1     43
5.5884     2     43     1     2
5.5884     1     44
5.7186     2     44     1     0
5.7186     1     45
5.8026     2     45     1     0
5.8026     1     46
5.8968     2     46     1     2
5.8968     1     47
6.0186     2     47     1     2
6.0186     1     48
6.3498     2     48     2     1
6.3498     1     49
6.4434     2     49     2     1
6.4434     1     50
6.5466     2     50     2     1
6.5466     1     51
6.6498     2     51     2     1
6.6498     1     52
6.753     2     52     2     1
6.753     1     53
6.8562     2     53     2     1
6.8562     1     54
6.9882     2     54     2     1
6.9882     1     55
7.26     2     55     3     0
7.26     1     56
7.3632     2     56     3     0
7.3632     1     57
7.4664     2     57     3     2
7.4664     1     58
7.6314     2     58     3     0
7.6314     1     59
7.7442     2     59     3     2
7.7442     1     60
7.8468     2     60     3     2
7.8468     1     61
7.941     2     61     3     2
7.941     1     62
8.0442     2     62     3     2
8.0442     1     63
8.1384     2     63     3     2
8.1384     1     64
8.2326     2     64     3     2
8.2326     1     65
8.3262     2     65     3     0
8.3262     1     66
8.4384     2     66     3     2
8.4384     1     67
8.5326     2     67     3     2
8.5326     1     68
8.7192     2     68     1     0
8.7192     1     69
8.832     2     69     1     2
8.832     1     70
8.9352     2     70     1     2
8.9352     1     71
9.0378     2     71     1     2
9.0378     1     72
9.1506     2     72     1     2
9.1506     1     73
9.366     2     73     2     1
9.366     1     74
9.4692     2     74     2     1
9.4692     1     75
9.6006     2     75     2     1
9.6006     1     76
9.6942     2     76     2     1
9.6942     1     77
9.807     2     77     2     0
9.807     1     78
9.921     2     78     2     1
9.921     1     79
10.0338     2     79     2     1
10.0338     1     80
10.1358     2     80     2     1
10.1358     1     81
10.2504     2     81     2     1
10.2504     1     82
10.344     2     82     2     1
10.344     1     83
10.4568     2     83     2     1
10.4658     1     84
10.5654     2     84     2     1
10.5654     1     85
10.7346     2     85     1     0
10.7346     1     86
10.8468     2     86     1     0
10.8468     1     87
10.9686     2     87     1     0
10.9686     1     88
11.0868     2     88     1     2
11.0868     1     89
11.2068     2     89     1     0
11.2068     1     90
11.3196     2     90     1     0
11.3196     1     91
11.5068     2     91     2     1
11.5068     1     92
11.61     2     92     2     1
11.61     1     93
11.7096     2     93     2     1
11.7096     1     94
12.0378     2     94     3     0
12.0378     1     95
12.1314     2     95     3     2
12.1314     1     96
12.2346     2     96     3     2
12.2346     1     97
12.3282     2     97     3     2
12.3282     1     98
12.4218     2     98     3     0
12.4218     1     99
12.525     2     99     3     0
12.525     1     100
12.6192     2     100     3     2
12.6192     1     101
12.7128     2     101     3     0
12.7128     1     102
12.7974     2     102     3     1
12.7974     1     103
13.341     2     103     1     0
13.341     1     104
13.4532     2     104     1     2
13.4532     1     105
13.5696     2     105     1     2
13.5696     1     106
13.6824     2     106     1     0
13.6824     1     107
13.7946     2     107     1     0
13.7946     1     108
13.9074     2     108     1     0
13.9074     1     109
14.0292     2     109     1     2
14.0292     1     110
14.166     2     110     1     2
14.166     1     111
14.2974     2     111     1     2
14.2974     1     112
14.4288     2     112     1     2
14.4288     1     113
14.532     2     113     1     2
14.532     1     114
14.7372     2     114     2     1
14.7372     1     115
14.8404     2     115     2     1
14.8404     1     116
14.9436     2     116     2     1
14.9436     1     117
15.0372     2     117     2     1
15.0372     1     118
15.15     2     118     2     1
15.15     1     119
15.2436     2     119     2     1
15.2436     1     120
15.3414     2     120     2     1
15.3414     1     121
15.5286     2     121     1     0
15.5286     1     122
15.6318     2     122     1     0
15.6318     1     123
15.7536     2     123     1     0
15.7536     1     124
15.8568     2     124     1     2
15.8568     1     125
15.9432     2     125     1     0
15.9432     1     126
16.0464     2     126     1     2
16.0464     1     127
16.65     2     127     3     1
16.65     1     128
16.7436     2     128     3     0
16.7436     1     129
16.8564     2     129     3     2
16.8564     1     130
16.9968     2     130     3     0
16.9968     1     131
17.0538     2     131     3     0
17.0538     1     132
17.1564     2     132     3     0
17.1564     1     133
17.2692     2     133     3     0
17.2692     1     134
17.3724     2     134     3     0
17.3724     1     135
17.466     2     135     3     0
17.466     1     136
17.8128     2     136     1     2
17.8128     1     137
17.916     2     137     1     2
17.916     1     138
18.0192     2     138     1     2
18.0192     1     139
18.1314     2     139     1     0
18.1314     1     140
18.3468     2     140     1     2
18.3468     1     141
18.516     2     141     1     0
18.516     1     142
18.7032     2     142     1     2
18.7032     1     143
18.8958     2     143     1     2
18.8964     1     144
19.275     2     144     2     1
19.275     1     145
19.3908     2     145     2     1
19.3908     1     146
19.5138     2     146     2     1
19.5138     1     147
19.6542     2     147     2     1
19.6542     1     148
19.776     2     148     2     1
19.776     1     149
19.917     2     149     2     1
19.917     1     150
20.0292     2     150     2     1
20.0292     1     151
20.157     2     151     2     1
20.157     1     152
20.4474     2     152     2     0
20.4474     1     153
20.7186     2     153     2     0
20.7186     1     154
20.9064     2     154     2     1
20.9064     1     155
21.0378     2     155     2     1
21.0378     1     156
21.15     2     156     2     1
21.15     1     157
21.2718     2     157     2     1
21.2718     1     158
21.5628     2     158     3     2
21.5628     1     159
21.6564     2     159     3     2
21.6564     1     160
21.7686     2     160     3     0
21.7686     1     161
21.8718     2     161     3     2
21.8718     1     162
21.9846     2     162     3     2
21.9846     1     163
22.3128     2     163     2     1
22.3128     1     164
22.875     2     164     1     2
22.875     1     165
22.9872     2     165     1     0
22.9872     1     166
23.0958     2     166     1     0
23.0964     1     167
23.1942     2     167     1     2
23.1942     1     168
23.3256     2     168     1     0
23.3256     1     169
23.5032     2     169     1     2
23.5032     1     170
23.6256     2     170     1     0
23.7012     1     171
23.7882     2     171     1     2
23.7882     1     172
24.0318     2     172     1     0
24.0318     1     173
24.135     2     173     1     2
24.135     1     174
24.2568     2     174     1     2
24.2568     1     175
24.3564     2     175     1     0
24.3564     1     176
24.4686     2     176     1     2
24.4686     1     177
24.5718     2     177     1     1
24.5718     1     178
24.7218     2     178     1     1
24.7218     1     179
24.9     2     179     1     2
24.9     1     180
25.1064     2     180     1     2
25.1064     1     181
25.2564     2     181     1     2
25.2564     1     182
25.3596     2     182     1     2
25.3596     1     183
25.4628     2     183     1     2
25.4628     1     184
25.6128     2     184     1     2
25.6128     1     185
25.7814     2     185     1     2
25.7814     1     186
25.8942     2     186     1     2
25.8942     1     187
26.025     2     187     1     0
